165
165
162
162
162
162
162
162
149
149
135
135
135
135
135
135
152
152
158
158
161
161
159
159
159
159
159
159
161
161
163
163
165
165
173
173
166
166
157
157
157
157
157
157
157
157
159
159
165
165
159
159
159
159
159
159
159
159
165
165
154
154
144
144
136
136
136
136
136
136
138
138
146
146
156
156
165
165
152
152
137
137
125
125
115
115
112
112
105
105
 93
 93
 89
 89
 89
 89
 89
 89
 88
 88
 87
 87
 85
 85
 84
 84
 83
 83
 82
 82
 79
 79
 76
 76
 73
 73
 70
 70
 67
 67
 64
 64
 62
 62
 60
 60
 60
 60
 58
 58
 57
 57
 55
 55
 53
 53
 52
 52
 52
 52
 52
 52
 50
 50
 50
 50
 50
 50
 51
 51
 54
 54
 58
 58
 60
 60
 63
 63
 64
 64
 55
 55
 55
 55
 55
 55
 56
 56
 58
 58
 61
 61
 76
 76
 85
 85
103
